100000 709
110000 915
120000 827
130000 822
140000 751
150000 1198
160000 1580
170000 749
180000 1318
190000 1018
200000 1268
210000 1175
220000 1065
230000 823
240000 741
250000 1189
260000 1097
270000 1232
280000 1302
290000 1345
300000 1566
310000 997
320000 1192
330000 1429
340000 1751
350000 1480
360000 1766
370000 1867
380000 1686
390000 1878
400000 1363
410000 2139
420000 1602
430000 2153
440000 1395
450000 957
460000 1304
470000 1606
480000 1497
490000 1289
500000 1561
510000 1668
520000 1181
530000 1876
540000 1746
550000 2404
560000 1456
570000 1577
580000 2418
590000 1958
600000 1623
610000 2481
620000 2321
630000 1453
640000 1663
650000 2038
660000 2095
670000 2692
680000 2078
690000 1681
700000 2156
710000 2543
720000 2617
730000 1995
740000 1656
750000 1867
760000 1558
770000 2578
780000 1775
790000 2140
800000 2253
810000 2737
820000 2457
830000 1665
840000 1867
850000 2403
860000 2392
870000 1911
880000 1587
890000 3013
900000 2558
910000 2343
920000 2400
930000 2142
940000 2242
950000 2155
960000 3029
970000 2094
980000 1995
990000 2279
1000000 4043
