100000 216
110000 434
120000 313
130000 277
140000 435
150000 364
160000 314
170000 431
180000 281
190000 538
200000 470
210000 295
220000 434
230000 403
240000 353
250000 388
260000 375
270000 467
280000 300
290000 459
300000 318
310000 318
320000 442
330000 510
340000 381
350000 454
360000 390
370000 497
380000 495
390000 431
400000 385
410000 416
420000 466
430000 386
440000 471
450000 569
460000 503
470000 661
480000 396
490000 613
500000 648
510000 394
520000 382
530000 520
540000 470
550000 519
560000 735
570000 474
580000 402
590000 573
600000 385
610000 722
620000 563
630000 580
640000 728
650000 555
660000 413
670000 648
680000 387
690000 638
700000 566
710000 659
720000 533
730000 523
740000 417
750000 564
760000 780
770000 504
780000 391
790000 618
800000 414
810000 708
820000 588
830000 540
840000 660
850000 529
860000 464
870000 568
880000 571
890000 428
900000 607
910000 552
920000 453
930000 594
940000 527
950000 612
960000 650
970000 633
980000 642
990000 696
1000000 776
