100000 1957
110000 1645
120000 2236
130000 1362
140000 2811
150000 1742
160000 2078
170000 3153
180000 3567
190000 2686
200000 1858
210000 3451
220000 2998
230000 2459
240000 2674
250000 2950
260000 2963
270000 3435
280000 2908
290000 3183
300000 2525
310000 3343
320000 4384
330000 2549
340000 3873
350000 2556
360000 4104
370000 3531
380000 6045
390000 4758
400000 4798
410000 5076
420000 4839
430000 5249
440000 4131
450000 4710
460000 4672
470000 3445
480000 3158
490000 5274
500000 3996
510000 4698
520000 3826
530000 4034
540000 6483
550000 5528
560000 6128
570000 3889
580000 4956
590000 5048
600000 4664
610000 4270
620000 7098
630000 5809
640000 4284
650000 8592
660000 6124
670000 8198
680000 9031
690000 6734
700000 5962
710000 5924
720000 6003
730000 8019
740000 7053
750000 6272
760000 5023
770000 5915
780000 6568
790000 6642
800000 5243
810000 6428
820000 5733
830000 9639
840000 6671
850000 6644
860000 6346
870000 6316
880000 9443
890000 7129
900000 11344
910000 8557
920000 9656
930000 4325
940000 10120
950000 10930
960000 8431
970000 6796
980000 7690
990000 7892
1000000 6446
