100000 2132
110000 1771
120000 3516
130000 2081
140000 2317
150000 4070
160000 2525
170000 2265
180000 2762
190000 4135
200000 2952
210000 3491
220000 4635
230000 2018
240000 3341
250000 3180
260000 3636
270000 2425
280000 4556
290000 6039
300000 4090
310000 4829
320000 5193
330000 5601
340000 5471
350000 3508
360000 6178
370000 4105
380000 6290
390000 3905
400000 5168
410000 4055
420000 4466
430000 4894
440000 7248
450000 5430
460000 5188
470000 5493
480000 4926
490000 5119
500000 4151
510000 5235
520000 6049
530000 9119
540000 5120
550000 4400
560000 6896
570000 7928
580000 5778
590000 5814
600000 6795
610000 5487
620000 8523
630000 6335
640000 6241
650000 6642
660000 6270
670000 6413
680000 6372
690000 5205
700000 6529
710000 3948
720000 6739
730000 6053
740000 6174
750000 8517
760000 7201
770000 7624
780000 5984
790000 7788
800000 7263
810000 7000
820000 7066
830000 6634
840000 7467
850000 5316
860000 9853
870000 6334
880000 9784
890000 11004
900000 8236
910000 12211
920000 8072
930000 9468
940000 8441
950000 10937
960000 9650
970000 7720
980000 9157
990000 7757
1000000 8736
